# Table Slot: Mead.Elevation Area Table
# Column: [0] Elevation [1 ft]
# Column: [1] Surface Area [1 acre]
890 29190.9999999 
890.5 29289.0000001 
891 29387 
891.5 29486 
892 29583.9999999 
892.5 29682.0000001 
893 29780 
893.5 29877.9999999 
894 29976 
894.5 30073.9999999 
895 30172.0000001 
895.5 30270 
896 30367.9999999 
896.5 30466 
897 30563.9999999 
897.5 30662.0000001 
898 30760 
898.5 30857.9999999 
899 30956 
899.5 31053.9999999 
900 31152.0000001 
900.5 31273.0000001 
901 31394 
901.5 31514.0000001 
902 31635.0000001 
902.5 31754.9999999 
903 31875.9999999 
903.5 31997.0000001 
904 32116.9999999 
904.5 32237.9999999 
905 32358.9999999 
905.5 32479 
906 32599.9999999 
906.5 32720 
907 32841 
907.5 32962 
908 33082 
908.5 33203 
909 33323.0000001 
909.5 33444.0000001 
910 33565 
910.5 33683.0000001 
911 33800 
911.5 33918 
912 34036 
912.5 34154.0000001 
913 34271.9999999 
913.5 34389.9999999 
914 34508 
914.5 34626 
915 34742.9999999 
915.5 34860.9999999 
916 34979 
916.5 35097 
917 35215 
917.5 35333.0000001 
918 35451.0000001 
918.5 35568.9999999 
919 35686.0000001 
919.5 35804.0000001 
920 35921.9999999 
920.5 36036.0000001 
921 36150.0000001 
921.5 36264 
922 36378 
922.5 36491.9999999 
923 36607.0000001 
923.5 36721 
924 36835 
924.5 36948.9999999 
925 37062.9999999 
925.5 37177.0000001 
926 37291.0000001 
926.5 37405 
927 37519 
927.5 37633 
928 37746.9999999 
928.5 37860.9999999 
929 37975.0000001 
929.5 38089.0000001 
930 38203 
930.5 38319.9999999 
931 38435.9999999 
931.5 38551.9999999 
932 38667.9999999 
932.5 38783.9999999 
933 38899.9999999 
933.5 39015.9999999 
934 39133.0000001 
934.5 39249.0000001 
935 39365.0000001 
935.5 39481.0000001 
936 39597.0000001 
936.5 39713.0000001 
937 39830 
937.5 39946 
938 40062 
938.5 40178 
939 40294 
939.5 40410 
940 40527.0000001 
940.5 40644 
941 40760.9999999 
941.5 40878 
942 40994.9999999 
942.5 41112.0000001 
943 41229 
943.5 41346.0000001 
944 41463 
944.5 41581 
945 41697.9999999 
945.5 41815.0000001 
946 41932 
946.5 42048.9999999 
947 42166 
947.5 42282.9999999 
948 42400.0000001 
948.5 42518.0000001 
949 42635 
949.5 42751.9999999 
950 42869 
950.5 42999.0000001 
951 43127.9999999 
951.5 43258 
952 43387.0000001 
952.5 43517.0000001 
953 43646.9999999 
953.5 43776 
954 43906 
954.5 44034.9999999 
955 44164.9999999 
955.5 44294.9999999 
956 44424.0000001 
956.5 44554.0000001 
957 44683 
957.5 44813 
958 44943 
958.5 45071.9999999 
959 45201.9999999 
959.5 45331 
960 45461.0000001 
960.5 45580 
961 45700.0000001 
961.5 45819 
962 45937.9999999 
962.5 46056.9999999 
963 46177 
963.5 46295.9999999 
964 46415.0000001 
964.5 46534 
965 46654.0000001 
965.5 46773 
966 46892 
966.5 47012 
967 47131 
967.5 47249.9999999 
968 47369.0000001 
968.5 47488.9999999 
969 47608.0000001 
969.5 47727 
970 47847.0000001 
970.5 47981 
971 48113.9999999 
971.5 48248 
972 48382.0000001 
972.5 48516 
973 48650.0000001 
973.5 48783.9999999 
974 48918 
974.5 49052.0000001 
975 49186 
975.5 49320.0000001 
976 49453.9999999 
976.5 49587.0000001 
977 49721 
977.5 49855.0000001 
978 49988.9999999 
978.5 50123 
979 50257.0000001 
979.5 50391 
980 50525.0000001 
980.5 50674.0000001 
981 50824 
981.5 50973.9999999 
982 51122.9999999 
982.5 51273.0000001 
983 51423 
983.5 51572 
984 51721.9999999 
984.5 51872.0000001 
985 52021.0000001 
985.5 52171 
986 52320.9999999 
986.5 52469.9999999 
987 52620.0000001 
987.5 52769.0000001 
988 52919 
988.5 53068.9999999 
989 53217.9999999 
989.5 53368.0000001 
990 53518 
990.5 53660 
991 53802.9999999 
991.5 53946.0000001 
992 54089 
992.5 54232.0000001 
993 54375 
993.5 54517 
994 54659.9999999 
994.5 54803.0000001 
995 54946 
995.5 55089.0000001 
996 55232 
996.5 55374 
997 55516.9999999 
997.5 55660.0000001 
998 55803 
998.5 55946.0000001 
999 56089 
999.5 56231 
1000 56373.9999999 
1000.5 56529 
1001 56683.9999999 
1001.5 56839.0000001 
1002 56995.0000001 
1002.5 57150 
1003 57305.0000001 
1003.5 57460 
1004 57615.0000001 
1004.5 57770 
1005 57925.0000001 
1005.5 58080 
1006 58234.9999999 
1006.5 58390 
1007 58544.9999999 
1007.5 58700 
1008 58854.9999999 
1008.5 59010 
1009 59164.9999999 
1009.5 59320.0000001 
1010 59474.9999999 
1010.5 59628 
1011 59780.9999999 
1011.5 59934 
1012 60087.0000001 
1012.5 60239.9999999 
1013 60393 
1013.5 60546.0000001 
1014 60698.9999999 
1014.5 60850.9999999 
1015 61004 
1015.5 61157.0000001 
1016 61309.9999999 
1016.5 61463 
1017 61616.0000001 
1017.5 61768.9999999 
1018 61922 
1018.5 62074.9999999 
1019 62227.0000001 
1019.5 62379.9999999 
1020 62533 
1020.5 62687.9999999 
1021 62841.9999999 
1021.5 62997 
1022 63151 
1022.5 63305.9999999 
1023 63460.0000001 
1023.5 63615 
1024 63769 
1024.5 63923.9999999 
1025 64078.0000001 
1025.5 64233 
1026 64387 
1026.5 64542.0000001 
1027 64696.0000001 
1027.5 64851 
1028 65006.0000001 
1028.5 65160.0000001 
1029 65315 
1029.5 65469 
1030 65624.0000001 
1030.5 65784 
1031 65945 
1031.5 66105.0000001 
1032 66266.0000001 
1032.5 66425.9999999 
1033 66586.9999999 
1033.5 66747 
1034 66908 
1034.5 67068.0000001 
1035 67229.0000001 
1035.5 67389 
1036 67550 
1036.5 67710.0000001 
1037 67871.0000001 
1037.5 68030.9999999 
1038 68191.9999999 
1038.5 68352 
1039 68513 
1039.5 68672.9999999 
1040 68833.9999999 
1040.5 69003 
1041 69171 
1041.5 69339.9999999 
1042 69509.0000001 
1042.5 69677.0000001 
1043 69846 
1043.5 70014.9999999 
1044 70184.0000001 
1044.5 70352.0000001 
1045 70521 
1045.5 70689.9999999 
1046 70857.9999999 
1046.5 71027 
1047 71196 
1047.5 71364 
1048 71533.0000001 
1048.5 71702 
1049 71870.9999999 
1049.5 72038.9999999 
1050 72208.0000001 
1050.5 72393 
1051 72573.9999999 
1051.5 72755.0000001 
1052 72936 
1052.5 73117.0000001 
1053 73298 
1053.5 73479.0000001 
1054 73660 
1054.5 73840.9999999 
1055 74022 
1055.5 74202.9999999 
1056 74384 
1056.5 74564.9999999 
1057 74746.0000001 
1057.5 74927 
1058 75108.0000001 
1058.5 75289 
1059 75470.0000001 
1059.5 75651 
1060 75831.9999999 
1060.5 76013 
1061 76193.9999999 
1061.5 76375 
1062 76555.9999999 
1062.5 76737.0000001 
1063 76918 
1063.5 77099.0000001 
1064 77280 
1064.5 77461.0000001 
1065 77642 
1065.5 77822.9999999 
1066 78004 
1066.5 78184.9999999 
1067 78366 
1067.5 78546.9999999 
1068 78726.9999999 
1068.5 78908.0000001 
1069 79089 
1069.5 79270.0000001 
1070 79451 
1070.5 79616.9999999 
1071 79787 
1071.5 79957 
1072 80127.0000001 
1072.5 80296.9999999 
1073 80468.0000001 
1073.5 80637.9999999 
1074 80807.9999999 
1074.5 80978 
1075 81148 
1075.5 81318.0000001 
1076 81488.0000001 
1076.5 81657.9999999 
1077 81828 
1077.5 81998.9999999 
1078 82169 
1078.5 82339 
1079 82509 
1079.5 82679.0000001 
1080 82848.9999999 
1080.5 83007.9 
1081 83166.7999999 
1081.5 83325.7 
1082 83484.5999999 
1082.5 83643.5 
1083 83802.4000001 
1083.5 83961.3 
1084 84120.2000001 
1084.5 84279.1 
1085 84438.0000001 
1085.5 84596.9 
1086 84755.8000001 
1086.5 84914.7 
1087 85073.6000001 
1087.5 85232.4999999 
1088 85391.4000001 
1088.5 85550.2999999 
1089 85709.2000001 
1089.5 85868.0999999 
1090 86027 
1090.5 86185.8999999 
1091 86344.8 
1091.5 86503.6999999 
1092 86662.6 
1092.5 86821.4999999 
1093 86980.4 
1093.5 87139.2999999 
1094 87298.2 
1094.5 87457.0999999 
1095 87616.0629805 
1095.5 87761.0532729 
1096 87923.7290096 
1096.5 88069.7401398 
1097 88240.769955 
1097.5 88399.7762586 
1098 88574.128722 
1098.5 88726.5688626 
1099 88904.0578249 
1099.5 89117.5339873 
1100 89299.8655946 
1100.5 89457.9466665 
1101 89646.3175814 
1101.5 89808.4648596 
1102 89969.5007274 
1102.5 90157.210661 
1103 90358.9268949 
1103.5 90532.3796397 
1104 90742.850396 
1104.5 90940.0221149 
1105 91125.8630083 
1105.5 91336.5630083 
1106 91559.7142525 
1106.5 91788.0772631 
1107 92005.5959515 
1107.5 92205.3494808 
1108 92446.7091558 
1108.5 92678.4042426 
1109 92962.6047333 
1109.5 93165.8566 
1110 93419.1801007 
1110.5 93634.5460671 
1111 93886.1058139 
1111.5 94064.2881306 
1112 94285.0566269 
1112.5 94473.6404328 
1113 94686.0490498 
1113.5 94850.912689 
1114 95055.8882978 
1114.5 95243.5830037 
1115 95459.938013 
1115.5 95643.9947371 
1116 95858.7786507 
1116.5 96057.2714311 
1117 96253.025926 
1117.5 96415.2469369 
1118 96571.0502218 
1118.5 96749.2813836 
1119 96928.449283 
1119.5 97084.7645786 
1120 97261.2768082 
1120.5 97422.1149233 
1121 97588.7930891 
1121.5 97777.9728465 
1122 97983.2360393 
1122.5 98172.4088856 
1123 98389.2402955 
1123.5 98588.430029 
1124 98804.5320145 
1124.5 99042.7348263 
1125 99275.4136357 
1125.5 99488.6481617 
1126 99720.6606007 
1126.5 99967.9171264 
1127 100191.844647 
1127.5 100391.343458 
1128 100617.153401 
1128.5 100840.932058 
1129 101062.553629 
1129.5 101254.795739 
1130 101477.267989 
1130.5 101703.973143 
1131 101926.941828 
1131.5 102120.593042 
1132 102349.993333 
1132.5 102544.430029 
1133 102784.161176 
1133.5 102983.935735 
1134 103188.82688 
1134.5 103426.221726 
1135 103670.290905 
1135.5 104284.726338 
1136 104815.910237 
1136.5 105182.988367 
1137 105460.398235 
1137.5 105757.998597 
1138 106073.211346 
1138.5 106345.387856 
1139 106649.22394 
1139.5 106878.598919 
1140 107119.538279 
1140.5 107440.358998 
1141 107706.705134 
1141.5 107924.46806 
1142 108202.970678 
1142.5 108439.693394 
1143 108713.037038 
1143.5 108922.239126 
1144 109197.800411 
1144.5 109439.029502 
1145 109719.218455 
1145.5 109952.862981 
1146 110242.033605 
1146.5 110505.880967 
1147 110789.935828 
1147.5 111023.090087 
1148 111305.982014 
1148.5 111557.380729 
1149 111838.762519 
1149.5 112076.574224 
1150 112323.061057 
1150.5 112626.388706 
1151 112916.817767 
1151.5 113194.370027 
1152 113557.451682 
1152.5 113820.319356 
1153 114072.098205 
1153.5 114344.890469 
1154 114616.375278 
1154.5 114873.169855 
1155 115153.162317 
1155.5 115387.190214 
1156 115624.363371 
1156.5 115912.138903 
1157 116204.792031 
1157.5 116466.084698 
1158 116849.036052 
1158.5 117105.458411 
1159 117410.218382 
1159.5 117683.370183 
1160 117993.74399 
1160.5 118275.071603 
1161 118592.58556 
1161.5 118870.494629 
1162 119191.525198 
1162.5 119472.058569 
1163 119795.113163 
1163.5 120072.55273 
1164 120422.264786 
1164.5 120716.517697 
1165 121098.954457 
1165.5 121398.15025 
1166 121792.767756 
1166.5 122102.448561 
1167 122473.7162 
1167.5 122787.176801 
1168 123167.886049 
1168.5 123492.051663 
1169 123829.422451 
1169.5 124275.484063 
1170 124673.046974 
1170.5 125002.385113 
1171 125393.593984 
1171.5 125752.768112 
1172 126109.248934 
1172.5 126506.685072 
1173 126903.452099 
1173.5 127257.662078 
1174 127655.083703 
1174.5 128031.325116 
1175 128425.96667 
1175.5 128767.179817 
1176 129147.38808 
1176.5 129478.171116 
1177 129833.923376 
1177.5 130139.88281 
1178 130489.589272 
1178.5 130795.107789 
1179 131158.298376 
1179.5 131459.753649 
1180 131791.783888 
1180.5 132080.8726 
1181 132402.352746 
1181.5 132693.906419 
1182 133085.740607 
1182.5 133380.362744 
1183 133699.336977 
1183.5 133992.449312 
1184 134311.769934 
1184.5 134615.197194 
1185 134923.276198 
1185.5 135256.345842 
1186 135597.952292 
1186.5 135912.317586 
1187 136249.372239 
1187.5 136567.133179 
1188 136896.572917 
1188.5 137232.556363 
1189 137569.812261 
1189.5 137909.767361 
1190 138245.642805 
1190.5 138549.039156 
1191 138873.096544 
1191.5 139178.999411 
1192 139519.051764 
1192.5 139842.360985 
1193 140183.332913 
1193.5 140506.724968 
1194 140854.930154 
1194.5 141193.471811 
1195 141553.993662 
1195.5 141885.120832 
1196 142223.74649 
1196.5 142536.328299 
1197 142870.39796 
1197.5 143189.348285 
1198 143531.319162 
1198.5 143855.386414 
1199 144191.484273 
1199.5 144503.710891 
1200 144834.116038 
1200.5 145144.152294 
1201 145458.023427 
1201.5 145852.829714 
1202 146196.888419 
1202.5 146560.869309 
1203 147143.769027 
1203.5 147480.398454 
1204 147803.168649 
1204.5 148147.671845 
1205 148511.018502 
1205.5 148937.655636 
1206 149292.453401 
1206.5 149631.109825 
1207 149961.590097 
1207.5 150302.995061 
1208 150642.933302 
1208.5 150961.188536 
1209 151297.726552 
1209.5 151609.704197 
1210 151940.854659 
1210.5 152254.15213 
1211 152579.702668 
1211.5 152883.614673 
1212 153196.46788 
1212.5 153489.530561 
1213 153793.125087 
1213.5 154082.108879 
1214 154385.310621 
1214.5 154672.072025 
1215 154967.790239 
1215.5 155241.257073 
1216 155517.106307 
1216.5 155782.472579 
1217 156056.573085 
1217.5 156321.022238 
1218 156597.729648 
1218.5 156865.599843 
1219 157142.038163 
1219.5 157411.955916 
1220 157682.938543 
1220.5 157972.240937 
1221 158262.419409 
1221.5 158545.36328 
1222 158853.27848 
1222.5 159156.668647 
1223 159461.084987 
1223.5 159773.799954 
1224 160079.090975 
1224.5 160367.378501 
1225 160654.956177 
1225.5 160931.243981 
1226 161217.73053 
1226.5 161493.20363 
1227 161777.4101 
1227.5 162052.72404 
1228 162341.394039 
1228.5 162624.468344 
1229 162915.787638 
1229.5 163204.877389 
1230 163503.986947 
1250 175800 
