# Table Slot: Mead.Elevation Volume Table
# Column: [0] Pool Elevation [1 ft]
# Column: [1] Storage [1 acre-ft]
895.00 0.00 
895.50 14421.08 
896.00 28901.40 
896.50 43440.96 
897.00 58039.76 
897.50 72697.80 
898.00 87415.08 
898.50 102191.60 
899.00 117027.36 
899.50 131922.36 
900.00 146876.60 
900.50 161890.08 
901.00 176962.80 
901.50 192094.76 
902.00 207285.96 
902.50 222536.40 
903.00 237846.08 
903.50 253215.00 
904.00 268643.16 
904.50 284130.56 
905.00 299677.20 
905.50 315283.08 
906.00 330948.20 
906.50 346672.56 
907.00 362456.16 
907.50 378299.00 
908.00 394201.08 
908.50 410162.40 
909.00 426182.96 
909.50 442262.76 
910.00 458401.80 
910.50 474600.08 
911.00 490857.60 
911.50 507174.36 
912.00 523550.36 
912.50 539985.60 
913.00 556480.08 
913.50 573033.80 
914.00 589646.76 
914.50 606318.96 
915.00 623050.40 
915.50 639841.08 
916.00 656691.00 
916.50 673600.16 
917.00 690568.56 
917.50 707596.20 
918.00 724683.08 
918.50 741829.20 
919.00 759034.56 
919.50 776299.16 
920.00 793623.00 
920.50 811039.31 
921.00 828438.86 
921.50 845894.67 
922.00 863406.72 
922.50 880975.03 
923.00 898599.58 
923.50 916280.39 
924.00 934017.44 
924.50 951810.74 
925.00 969660.30 
925.50 987566.10 
926.00 1005528.16 
926.50 1023546.46 
927.00 1041621.02 
927.50 1059751.82 
928.00 1077938.88 
928.50 1096182.19 
929.00 1114481.74 
929.50 1132837.54 
930.00 1151249.60 
930.50 1169717.91 
931.00 1188242.46 
931.50 1206823.27 
932.00 1225460.32 
932.50 1244153.62 
933.00 1262903.18 
933.50 1281708.98 
934.00 1300571.04 
934.50 1319489.34 
935.00 1338463.90 
935.50 1357494.71 
936.00 1376581.76 
936.50 1395725.06 
937.00 1414924.62 
937.50 1434180.43 
938.00 1453492.48 
938.50 1472860.79 
939.00 1492285.34 
939.50 1511766.15 
940.00 1531303.20 
940.50 1550774.58 
941.00 1570403.07 
941.50 1590095.48 
942.00 1609851.80 
942.50 1629672.04 
943.00 1649556.19 
943.50 1669504.26 
944.00 1689516.24 
944.50 1709592.14 
945.00 1729731.95 
945.50 1749935.68 
946.00 1770203.32 
946.50 1790534.88 
947.00 1810930.35 
947.50 1831389.74 
948.00 1851913.04 
948.50 1872500.26 
949.00 1893151.39 
949.50 1913866.44 
950.00 1934645.40 
950.50 1955488.28 
951.00 1976395.07 
951.50 1997365.78 
952.00 2018400.40 
952.50 2039498.94 
953.00 2060661.39 
953.50 2081887.76 
954.00 2103178.04 
954.50 2124532.24 
955.00 2145950.35 
955.50 2167432.38 
956.00 2188978.32 
956.50 2210588.18 
957.00 2232261.95 
957.50 2253999.64 
958.00 2275801.24 
958.50 2297666.76 
959.00 2319596.19 
959.50 2341589.54 
960.00 2363646.80 
960.50 2385767.98 
961.00 2407953.07 
961.50 2430202.08 
962.00 2452515.00 
962.50 2474891.84 
963.00 2497332.59 
963.50 2519837.26 
964.00 2542405.84 
964.50 2565038.34 
965.00 2587734.75 
965.50 2610495.08 
966.00 2633319.32 
966.50 2656207.48 
967.00 2679159.55 
967.50 2702175.54 
968.00 2725255.44 
968.50 2748399.26 
969.00 2771606.99 
969.50 2794878.64 
970.00 2818214.20 
970.50 2841118.44 
971.00 2864545.14 
971.50 2888033.08 
972.00 2911582.28 
972.50 2935192.73 
973.00 2958864.42 
973.50 2982597.37 
974.00 3006391.56 
974.50 3030247.00 
975.00 3054163.70 
975.50 3078141.65 
976.00 3102180.84 
976.50 3126281.29 
977.00 3150442.98 
977.50 3174665.92 
978.00 3198950.12 
978.50 3223295.56 
979.00 3247702.26 
979.50 3272170.21 
980.00 3296699.40 
980.50 3321289.84 
981.00 3345941.54 
981.50 3370654.48 
982.00 3395428.68 
982.50 3420264.12 
983.00 3445160.82 
983.50 3470118.77 
984.00 3495137.96 
984.50 3520218.41 
985.00 3545360.10 
985.50 3570563.04 
986.00 3595827.24 
986.50 3621152.69 
987.00 3646539.38 
987.50 3671987.33 
988.00 3697496.52 
988.50 3723066.96 
989.00 3748698.66 
989.50 3774391.60 
990.00 3800145.80 
990.50 3826124.38 
991.00 3852039.62 
991.50 3878035.73 
992.00 3904112.72 
992.50 3930270.58 
993.00 3956509.30 
993.50 3982828.90 
994.00 4009229.36 
994.50 4035710.69 
995.00 4062272.90 
995.50 4088915.97 
996.00 4115639.92 
996.50 4142444.73 
997.00 4169330.42 
997.50 4196296.97 
998.00 4223344.40 
998.50 4250472.70 
999.00 4277681.86 
999.50 4304971.90 
1000.00 4332342.80 
1000.50 4359794.58 
1001.00 4387327.22 
1001.50 4414940.74 
1002.00 4442635.12 
1002.50 4470410.38 
1003.00 4498266.50 
1003.50 4526203.50 
1004.00 4554221.36 
1004.50 4582320.09 
1005.00 4610499.70 
1005.50 4638760.17 
1006.00 4667101.52 
1006.50 4695523.73 
1007.00 4724026.82 
1007.50 4752610.78 
1008.00 4781275.60 
1008.50 4810021.29 
1009.00 4838847.86 
1009.50 4867755.29 
1010.00 4896743.60 
1010.50 4925812.78 
1011.00 4954962.82 
1011.50 4984193.74 
1012.00 5013505.52 
1012.50 5042898.17 
1013.00 5072371.70 
1013.50 5101926.09 
1014.00 5131561.36 
1014.50 5161277.49 
1015.00 5191074.50 
1015.50 5220952.37 
1016.00 5250911.12 
1016.50 5280950.74 
1017.00 5311071.22 
1017.50 5341272.58 
1018.00 5371554.80 
1018.50 5401917.90 
1019.00 5432361.86 
1019.50 5462886.70 
1020.00 5493492.40 
1020.50 5523377.20 
1021.00 5554080.14 
1021.50 5584861.83 
1022.00 5615722.28 
1022.50 5646661.47 
1023.00 5677679.42 
1023.50 5708776.12 
1024.00 5739951.56 
1024.50 5771205.75 
1025.00 5802538.70 
1025.50 5833950.39 
1026.00 5865440.84 
1026.50 5897010.04 
1027.00 5928657.98 
1027.50 5960384.67 
1028.00 5992190.12 
1028.50 6024074.32 
1029.00 6056037.26 
1029.50 6088078.96 
1030.00 6120199.40 
1030.50 6152398.59 
1031.00 6184676.54 
1031.50 6217033.24 
1032.00 6249468.68 
1032.50 6281982.88 
1033.00 6314575.82 
1033.50 6347247.51 
1034.00 6379997.96 
1034.50 6412827.16 
1035.00 6445735.10 
1035.50 6478721.79 
1036.00 6511787.24 
1036.50 6544931.43 
1037.00 6578154.38 
1037.50 6611456.08 
1038.00 6644836.52 
1038.50 6678295.71 
1039.00 6711833.66 
1039.50 6745450.36 
1040.00 6779145.80 
1040.50 6812024.14 
1041.00 6845886.29 
1041.50 6879843.43 
1042.00 6913895.58 
1042.50 6948042.72 
1043.00 6982284.87 
1043.50 7016622.01 
1044.00 7051054.16 
1044.50 7085581.30 
1045.00 7120203.45 
1045.50 7154920.59 
1046.00 7189732.74 
1046.50 7224639.88 
1047.00 7259642.03 
1047.50 7294739.17 
1048.00 7329931.32 
1048.50 7365218.46 
1049.00 7400600.61 
1049.50 7436077.75 
1050.00 7471649.90 
1050.50 7507317.04 
1051.00 7543079.19 
1051.50 7578936.33 
1052.00 7614888.48 
1052.50 7650935.62 
1053.00 7687077.77 
1053.50 7723314.92 
1054.00 7759647.06 
1054.50 7796074.21 
1055.00 7832596.35 
1055.50 7869213.50 
1056.00 7905925.64 
1056.50 7942732.79 
1057.00 7979634.93 
1057.50 8016632.08 
1058.00 8053724.22 
1058.50 8090911.37 
1059.00 8128193.51 
1059.50 8165570.65 
1060.00 8203042.80 
1060.50 8241087.08 
1061.00 8278753.07 
1061.50 8316507.98 
1062.00 8354351.80 
1062.50 8392284.54 
1063.00 8430306.19 
1063.50 8468416.76 
1064.00 8506616.24 
1064.50 8544904.64 
1065.00 8583281.95 
1065.50 8621748.18 
1066.00 8660303.32 
1066.50 8698947.38 
1067.00 8737680.35 
1067.50 8776502.24 
1068.00 8815413.04 
1068.50 8854412.76 
1069.00 8893501.39 
1069.50 8932678.94 
1070.00 8971945.40 
1070.50 9011300.78 
1071.00 9050745.07 
1071.50 9090278.28 
1072.00 9129900.40 
1072.50 9169611.44 
1073.00 9209411.39 
1073.50 9249300.26 
1074.00 9289278.04 
1074.50 9329344.74 
1075.00 9369500.35 
1075.50 9409744.88 
1076.00 9450078.32 
1076.50 9490500.68 
1077.00 9531011.95 
1077.50 9571612.14 
1078.00 9612301.24 
1078.50 9653079.26 
1079.00 9693946.19 
1079.50 9734902.04 
1080.00 9775946.80 
1080.50 9817080.48 
1081.00 9858303.07 
1081.50 9899614.58 
1082.00 9941015.00 
1082.50 9982504.34 
1083.00 10024082.59 
1083.50 10065749.76 
1084.00 10107505.84 
1084.50 10149350.84 
1085.00 10191284.75 
1085.50 10233307.58 
1086.00 10275419.32 
1086.50 10317619.98 
1087.00 10359909.55 
1087.50 10402288.04 
1088.00 10444755.44 
1088.50 10487311.76 
1089.00 10529956.99 
1089.50 10572691.14 
1090.00 10615514.20 
1090.50 10657834.15 
1091.00 10700796.13 
1091.50 10743855.93 
1092.00 10787013.56 
1092.50 10830269.01 
1093.00 10873622.29 
1093.50 10917073.39 
1094.00 10960622.32 
1094.50 11004269.07 
1095.00 11048013.65 
1095.50 11091856.05 
1096.00 11135796.28 
1096.50 11179834.33 
1097.00 11223970.21 
1097.50 11268203.91 
1098.00 11312535.44 
1098.50 11356964.79 
1099.00 11401491.97 
1099.50 11446116.97 
1100.00 11490839.80 
1100.50 11535660.45 
1101.00 11580578.93 
1101.50 11625595.23 
1102.00 11670709.36 
1102.50 11715921.31 
1103.00 11761231.09 
1103.50 11806638.69 
1104.00 11852144.12 
1104.50 11897747.37 
1105.00 11943448.45 
1105.50 11989247.35 
1106.00 12035144.08 
1106.50 12081138.63 
1107.00 12127231.01 
1107.50 12173421.21 
1108.00 12219709.24 
1108.50 12266095.09 
1109.00 12312578.77 
1109.50 12359160.27 
1110.00 12405839.60 
1110.50 12452616.75 
1111.00 12499491.73 
1111.50 12546464.53 
1112.00 12593535.16 
1112.50 12640703.61 
1113.00 12687969.89 
1113.50 12735333.99 
1114.00 12782795.92 
1114.50 12830355.67 
1115.00 12878013.25 
1115.50 12925768.65 
1116.00 12973621.88 
1116.50 13021572.93 
1117.00 13069621.81 
1117.50 13117768.51 
1118.00 13166013.04 
1118.50 13214355.39 
1119.00 13262795.57 
1119.50 13311333.57 
1120.00 13359969.40 
1120.50 13407149.46 
1121.00 13456021.43 
1121.50 13505000.89 
1122.00 13554087.86 
1122.50 13603282.32 
1123.00 13652584.29 
1123.50 13701993.76 
1124.00 13751510.72 
1124.50 13801135.19 
1125.00 13850867.15 
1125.50 13900706.62 
1126.00 13950653.58 
1126.50 14000708.04 
1127.00 14050870.01 
1127.50 14101139.47 
1128.00 14151516.44 
1128.50 14202000.90 
1129.00 14252592.87 
1129.50 14303292.34 
1130.00 14354099.30 
1130.50 14405013.77 
1131.00 14456035.73 
1131.50 14507165.20 
1132.00 14558402.16 
1132.50 14609746.62 
1133.00 14661198.59 
1133.50 14712758.05 
1134.00 14764425.02 
1134.50 14816199.48 
1135.00 14868081.45 
1135.50 14920070.91 
1136.00 14972167.88 
1136.50 15024372.35 
1137.00 15076684.31 
1137.50 15129103.78 
1138.00 15181630.74 
1138.50 15234265.21 
1139.00 15287007.17 
1139.50 15339856.63 
1140.00 15392813.60 
1140.50 15444821.25 
1141.00 15497985.00 
1141.50 15551291.25 
1142.00 15604740.00 
1142.50 15658331.25 
1143.00 15712065.00 
1143.50 15765941.25 
1144.00 15819960.00 
1144.50 15874121.25 
1145.00 15928425.00 
1145.50 15982871.25 
1146.00 16037460.00 
1146.50 16092191.25 
1147.00 16147065.00 
1147.50 16202081.25 
1148.00 16257240.00 
1148.50 16312541.25 
1149.00 16367985.00 
1149.50 16423571.25 
1150.00 16479300.00 
1150.50 16533884.86 
1151.00 16589977.71 
1151.50 16646245.56 
1152.00 16702688.42 
1152.50 16759306.28 
1153.00 16816099.13 
1153.50 16873066.98 
1154.00 16930209.84 
1154.50 16987527.70 
1155.00 17045020.55 
1155.50 17102688.41 
1156.00 17160531.26 
1156.50 17218549.11 
1157.00 17276741.97 
1157.50 17335109.82 
1158.00 17393652.68 
1158.50 17452370.54 
1159.00 17511263.39 
1159.50 17570331.25 
1160.00 17629574.10 
1160.50 17688991.95 
1161.00 17748584.81 
1161.50 17808352.66 
1162.00 17868295.52 
1162.50 17928413.38 
1163.00 17988706.23 
1163.50 18049174.09 
1164.00 18109816.94 
1164.50 18170634.80 
1165.00 18231627.65 
1165.50 18292795.50 
1166.00 18354138.36 
1166.50 18415656.21 
1167.00 18477349.07 
1167.50 18539216.93 
1168.00 18601259.78 
1168.50 18663477.64 
1169.00 18725870.49 
1169.50 18788438.34 
1170.00 18851181.20 
1170.50 18914344.30 
1171.00 18977408.86 
1171.50 19040639.66 
1172.00 19104036.72 
1172.50 19167600.02 
1173.00 19231329.58 
1173.50 19295225.39 
1174.00 19359287.44 
1174.50 19423515.75 
1175.00 19487910.30 
1175.50 19552471.11 
1176.00 19617198.16 
1176.50 19682091.46 
1177.00 19747151.02 
1177.50 19812376.82 
1178.00 19877768.88 
1178.50 19943327.18 
1179.00 20009051.74 
1179.50 20074942.55 
1180.00 20140999.60 
1180.50 20207222.91 
1181.00 20273612.46 
1181.50 20340168.27 
1182.00 20406890.32 
1182.50 20473778.62 
1183.00 20540833.18 
1183.50 20608053.98 
1184.00 20675441.04 
1184.50 20742994.34 
1185.00 20810713.90 
1185.50 20878599.70 
1186.00 20946651.76 
1186.50 21014870.07 
1187.00 21083254.62 
1187.50 21151805.43 
1188.00 21220522.48 
1188.50 21289405.79 
1189.00 21358455.34 
1189.50 21427671.14 
1190.00 21497053.20 
1190.50 21566841.34 
1191.00 21636476.43 
1191.50 21706265.27 
1192.00 21776207.86 
1192.50 21846304.20 
1193.00 21916554.29 
1193.50 21986958.13 
1194.00 22057515.72 
1194.50 22128227.06 
1195.00 22199092.15 
1195.50 22270110.99 
1196.00 22341283.58 
1196.50 22412609.92 
1197.00 22484090.01 
1197.50 22555723.85 
1198.00 22627511.44 
1198.50 22699452.78 
1199.00 22771547.87 
1199.50 22843796.71 
1200.00 22916199.30 
1200.50 22988755.64 
1201.00 23061465.73 
1201.50 23134329.57 
1202.00 23207347.16 
1202.50 23280518.50 
1203.00 23353843.59 
1203.50 23427322.43 
1204.00 23500955.02 
1204.50 23574741.36 
1205.00 23648681.45 
1205.50 23722775.29 
1206.00 23797022.88 
1206.50 23871424.22 
1207.00 23945979.31 
1207.50 24020688.15 
1208.00 24095550.74 
1208.50 24170567.08 
1209.00 24245737.17 
1209.50 24321061.01 
1210.00 24396538.60 
1210.50 24472378.50 
1211.00 24548162.14 
1211.50 24624096.94 
1212.00 24700182.88 
1212.50 24776419.98 
1213.00 24852808.22 
1213.50 24929347.62 
1214.00 25006038.16 
1214.50 25082879.86 
1215.00 25159872.70 
1215.50 25237016.70 
1216.00 25314311.84 
1216.50 25391758.14 
1217.00 25469355.58 
1217.50 25547104.18 
1218.00 25625003.92 
1218.50 25703054.82 
1219.00 25781256.86 
1219.50 25859610.05 
1220.00 25938114.40 
1220.50 26016769.89 
1221.00 26095576.54 
1221.50 26174534.34 
1222.00 26253643.28 
1222.50 26332903.38 
1223.00 26412314.62 
1223.50 26491877.02 
1224.00 26571590.56 
1224.50 26651455.25 
1225.00 26731471.10 
1225.50 26811638.09 
1226.00 26891956.24 
1226.50 26972425.54 
1227.00 27053045.98 
1227.50 27133817.57 
1228.00 27214740.32 
1228.50 27295814.21 
1229.00 27377039.26 
