# Table Slot: Mead.Elevation Area Table
# Column: [0] Elevation [1 ft]
# Column: [1] Surface Area [1 acre]
895.00 0.00 
895.50 28901.40 
896.00 29019.88 
896.50 29138.36 
897.00 29256.84 
897.50 29375.32 
898.00 29493.80 
898.50 29612.28 
899.00 29730.76 
899.50 29849.24 
900.00 29967.72 
900.50 30086.20 
901.00 30204.68 
901.50 30323.16 
902.00 30441.64 
902.50 30560.12 
903.00 30678.60 
903.50 30797.08 
904.00 30915.56 
904.50 31034.04 
905.00 31152.52 
905.50 31271.00 
906.00 31389.48 
906.50 31507.96 
907.00 31626.44 
907.50 31744.92 
908.00 31863.40 
908.50 31981.88 
909.00 32100.36 
909.50 32218.84 
910.00 32337.32 
910.50 32455.80 
911.00 32574.28 
911.50 32692.76 
912.00 32811.24 
912.50 32929.72 
913.00 33048.20 
913.50 33166.68 
914.00 33285.16 
914.50 33403.64 
915.00 33522.12 
915.50 33640.60 
916.00 33759.08 
916.50 33877.56 
917.00 33996.04 
917.50 34114.52 
918.00 34233.00 
918.50 34351.48 
919.00 34469.96 
919.50 34588.44 
920.00 34706.92 
920.50 34742.86 
921.00 34855.36 
921.50 34967.86 
922.00 35080.36 
922.50 35192.86 
923.00 35305.36 
923.50 35417.86 
924.00 35530.36 
924.50 35642.86 
925.00 35755.36 
925.50 35867.86 
926.00 35980.36 
926.50 36092.86 
927.00 36205.36 
927.50 36317.86 
928.00 36430.36 
928.50 36542.86 
929.00 36655.36 
929.50 36767.86 
930.00 36880.36 
930.50 36992.86 
931.00 37105.36 
931.50 37217.86 
932.00 37330.36 
932.50 37442.86 
933.00 37555.36 
933.50 37667.86 
934.00 37780.36 
934.50 37892.86 
935.00 38005.36 
935.50 38117.86 
936.00 38230.36 
936.50 38342.86 
937.00 38455.36 
937.50 38567.86 
938.00 38680.36 
938.50 38792.86 
939.00 38905.36 
939.50 39017.86 
940.00 39130.36 
940.50 39193.07 
941.00 39320.90 
941.50 39448.73 
942.00 39576.56 
942.50 39704.39 
943.00 39832.22 
943.50 39960.05 
944.00 40087.88 
944.50 40215.71 
945.00 40343.54 
945.50 40471.37 
946.00 40599.20 
946.50 40727.03 
947.00 40854.86 
947.50 40982.69 
948.00 41110.52 
948.50 41238.35 
949.00 41366.18 
949.50 41494.01 
950.00 41621.84 
950.50 41749.67 
951.00 41877.50 
951.50 42005.33 
952.00 42133.16 
952.50 42260.99 
953.00 42388.82 
953.50 42516.65 
954.00 42644.48 
954.50 42772.31 
955.00 42900.14 
955.50 43027.97 
956.00 43155.80 
956.50 43283.63 
957.00 43411.46 
957.50 43539.29 
958.00 43667.12 
958.50 43794.95 
959.00 43922.78 
959.50 44050.61 
960.00 44178.44 
960.50 44306.27 
961.00 44434.10 
961.50 44561.93 
962.00 44689.76 
962.50 44817.59 
963.00 44945.42 
963.50 45073.25 
964.00 45201.08 
964.50 45328.91 
965.00 45456.74 
965.50 45584.57 
966.00 45712.40 
966.50 45840.23 
967.00 45968.06 
967.50 46095.89 
968.00 46223.72 
968.50 46351.55 
969.00 46479.38 
969.50 46607.21 
970.00 46735.04 
970.50 46792.14 
971.00 46914.64 
971.50 47037.14 
972.00 47159.64 
972.50 47282.14 
973.00 47404.64 
973.50 47527.14 
974.00 47649.64 
974.50 47772.14 
975.00 47894.64 
975.50 48017.14 
976.00 48139.64 
976.50 48262.14 
977.00 48384.64 
977.50 48507.14 
978.00 48629.64 
978.50 48752.14 
979.00 48874.64 
979.50 48997.14 
980.00 49119.64 
980.50 49242.14 
981.00 49364.64 
981.50 49487.14 
982.00 49609.64 
982.50 49732.14 
983.00 49854.64 
983.50 49977.14 
984.00 50099.64 
984.50 50222.14 
985.00 50344.64 
985.50 50467.14 
986.00 50589.64 
986.50 50712.14 
987.00 50834.64 
987.50 50957.14 
988.00 51079.64 
988.50 51202.14 
989.00 51324.64 
989.50 51447.14 
990.00 51569.64 
990.50 51749.62 
991.00 51911.36 
991.50 52073.10 
992.00 52234.84 
992.50 52396.58 
993.00 52558.32 
993.50 52720.06 
994.00 52881.80 
994.50 53043.54 
995.00 53205.28 
995.50 53367.02 
996.00 53528.76 
996.50 53690.50 
997.00 53852.24 
997.50 54013.98 
998.00 54175.72 
998.50 54337.46 
999.00 54499.20 
999.50 54660.94 
1000.00 54822.68 
1000.50 54984.42 
1001.00 55146.16 
1001.50 55307.90 
1002.00 55469.64 
1002.50 55631.38 
1003.00 55793.12 
1003.50 55954.86 
1004.00 56116.60 
1004.50 56278.34 
1005.00 56440.08 
1005.50 56601.82 
1006.00 56763.56 
1006.50 56925.30 
1007.00 57087.04 
1007.50 57248.78 
1008.00 57410.52 
1008.50 57572.26 
1009.00 57734.00 
1009.50 57895.74 
1010.00 58057.48 
1010.50 58219.22 
1011.00 58380.96 
1011.50 58542.70 
1012.00 58704.44 
1012.50 58866.18 
1013.00 59027.92 
1013.50 59189.66 
1014.00 59351.40 
1014.50 59513.14 
1015.00 59674.88 
1015.50 59836.62 
1016.00 59998.36 
1016.50 60160.10 
1017.00 60321.84 
1017.50 60483.58 
1018.00 60645.32 
1018.50 60807.06 
1019.00 60968.80 
1019.50 61130.54 
1020.00 61292.28 
1020.50 61327.14 
1021.00 61484.64 
1021.50 61642.14 
1022.00 61799.64 
1022.50 61957.14 
1023.00 62114.64 
1023.50 62272.14 
1024.00 62429.64 
1024.50 62587.14 
1025.00 62744.64 
1025.50 62902.14 
1026.00 63059.64 
1026.50 63217.14 
1027.00 63374.64 
1027.50 63532.14 
1028.00 63689.64 
1028.50 63847.14 
1029.00 64004.64 
1029.50 64162.14 
1030.00 64319.64 
1030.50 64477.14 
1031.00 64634.64 
1031.50 64792.14 
1032.00 64949.64 
1032.50 65107.14 
1033.00 65264.64 
1033.50 65422.14 
1034.00 65579.64 
1034.50 65737.14 
1035.00 65894.64 
1035.50 66052.14 
1036.00 66209.64 
1036.50 66367.14 
1037.00 66524.64 
1037.50 66682.14 
1038.00 66839.64 
1038.50 66997.14 
1039.00 67154.64 
1039.50 67312.14 
1040.00 67469.64 
1040.50 67629.29 
1041.00 67819.29 
1041.50 68009.29 
1042.00 68199.29 
1042.50 68389.29 
1043.00 68579.29 
1043.50 68769.29 
1044.00 68959.29 
1044.50 69149.29 
1045.00 69339.29 
1045.50 69529.29 
1046.00 69719.29 
1046.50 69909.29 
1047.00 70099.29 
1047.50 70289.29 
1048.00 70479.29 
1048.50 70669.29 
1049.00 70859.29 
1049.50 71049.29 
1050.00 71239.29 
1050.50 71429.29 
1051.00 71619.29 
1051.50 71809.29 
1052.00 71999.29 
1052.50 72189.29 
1053.00 72379.29 
1053.50 72569.29 
1054.00 72759.29 
1054.50 72949.29 
1055.00 73139.29 
1055.50 73329.29 
1056.00 73519.29 
1056.50 73709.29 
1057.00 73899.29 
1057.50 74089.29 
1058.00 74279.29 
1058.50 74469.29 
1059.00 74659.29 
1059.50 74849.29 
1060.00 75039.29 
1060.50 75243.07 
1061.00 75420.90 
1061.50 75598.73 
1062.00 75776.56 
1062.50 75954.39 
1063.00 76132.22 
1063.50 76310.05 
1064.00 76487.88 
1064.50 76665.71 
1065.00 76843.54 
1065.50 77021.37 
1066.00 77199.20 
1066.50 77377.03 
1067.00 77554.86 
1067.50 77732.69 
1068.00 77910.52 
1068.50 78088.35 
1069.00 78266.18 
1069.50 78444.01 
1070.00 78621.84 
1070.50 78799.67 
1071.00 78977.50 
1071.50 79155.33 
1072.00 79333.16 
1072.50 79510.99 
1073.00 79688.82 
1073.50 79866.65 
1074.00 80044.48 
1074.50 80222.31 
1075.00 80400.14 
1075.50 80577.97 
1076.00 80755.80 
1076.50 80933.63 
1077.00 81111.46 
1077.50 81289.29 
1078.00 81467.12 
1078.50 81644.95 
1079.00 81822.78 
1079.50 82000.61 
1080.00 82178.44 
1080.50 82356.27 
1081.00 82534.10 
1081.50 82711.93 
1082.00 82889.76 
1082.50 83067.59 
1083.00 83245.42 
1083.50 83423.25 
1084.00 83601.08 
1084.50 83778.91 
1085.00 83956.74 
1085.50 84134.57 
1086.00 84312.40 
1086.50 84490.23 
1087.00 84668.06 
1087.50 84845.89 
1088.00 85023.72 
1088.50 85201.55 
1089.00 85379.38 
1089.50 85557.21 
1090.00 85735.04 
1090.50 85826.13 
1091.00 86021.78 
1091.50 86217.43 
1092.00 86413.08 
1092.50 86608.73 
1093.00 86804.38 
1093.50 87000.03 
1094.00 87195.68 
1094.50 87391.33 
1095.00 87586.98 
1095.50 87782.63 
1096.00 87978.28 
1096.50 88173.93 
1097.00 88369.58 
1097.50 88565.23 
1098.00 88760.88 
1098.50 88956.53 
1099.00 89152.18 
1099.50 89347.83 
1100.00 89543.48 
1100.50 89739.13 
1101.00 89934.78 
1101.50 90130.43 
1102.00 90326.08 
1102.50 90521.73 
1103.00 90717.38 
1103.50 90913.03 
1104.00 91108.68 
1104.50 91304.33 
1105.00 91499.98 
1105.50 91695.63 
1106.00 91891.28 
1106.50 92086.93 
1107.00 92282.58 
1107.50 92478.23 
1108.00 92673.88 
1108.50 92869.53 
1109.00 93065.18 
1109.50 93260.83 
1110.00 93456.48 
1110.50 93652.13 
1111.00 93847.78 
1111.50 94043.43 
1112.00 94239.08 
1112.50 94434.73 
1113.00 94630.38 
1113.50 94826.03 
1114.00 95021.68 
1114.50 95217.33 
1115.00 95412.98 
1115.50 95608.63 
1116.00 95804.28 
1116.50 95999.93 
1117.00 96195.58 
1117.50 96391.23 
1118.00 96586.88 
1118.50 96782.53 
1119.00 96978.18 
1119.50 97173.83 
1120.00 97369.48 
1120.50 97636.43 
1121.00 97851.43 
1121.50 98066.43 
1122.00 98281.43 
1122.50 98496.43 
1123.00 98711.43 
1123.50 98926.43 
1124.00 99141.43 
1124.50 99356.43 
1125.00 99571.43 
1125.50 99786.43 
1126.00 100001.43 
1126.50 100216.43 
1127.00 100431.43 
1127.50 100646.43 
1128.00 100861.43 
1128.50 101076.43 
1129.00 101291.43 
1129.50 101506.43 
1130.00 101721.43 
1130.50 101936.43 
1131.00 102151.43 
1131.50 102366.43 
1132.00 102581.43 
1132.50 102796.43 
1133.00 103011.43 
1133.50 103226.43 
1134.00 103441.43 
1134.50 103656.43 
1135.00 103871.43 
1135.50 104086.43 
1136.00 104301.43 
1136.50 104516.43 
1137.00 104731.43 
1137.50 104946.43 
1138.00 105161.43 
1138.50 105376.43 
1139.00 105591.43 
1139.50 105806.43 
1140.00 106021.43 
1140.50 106185.00 
1141.00 106470.00 
1141.50 106755.00 
1142.00 107040.00 
1142.50 107325.00 
1143.00 107610.00 
1143.50 107895.00 
1144.00 108180.00 
1144.50 108465.00 
1145.00 108750.00 
1145.50 109035.00 
1146.00 109320.00 
1146.50 109605.00 
1147.00 109890.00 
1147.50 110175.00 
1148.00 110460.00 
1148.50 110745.00 
1149.00 111030.00 
1149.50 111315.00 
1150.00 111600.00 
1150.50 112010.71 
1151.00 112360.71 
1151.50 112710.71 
1152.00 113060.71 
1152.50 113410.71 
1153.00 113760.71 
1153.50 114110.71 
1154.00 114460.71 
1154.50 114810.71 
1155.00 115160.71 
1155.50 115510.71 
1156.00 115860.71 
1156.50 116210.71 
1157.00 116560.71 
1157.50 116910.71 
1158.00 117260.71 
1158.50 117610.71 
1159.00 117960.71 
1159.50 118310.71 
1160.00 118660.71 
1160.50 119010.71 
1161.00 119360.71 
1161.50 119710.71 
1162.00 120060.71 
1162.50 120410.71 
1163.00 120760.71 
1163.50 121110.71 
1164.00 121460.71 
1164.50 121810.71 
1165.00 122160.71 
1165.50 122510.71 
1166.00 122860.71 
1166.50 123210.71 
1167.00 123560.71 
1167.50 123910.71 
1168.00 124260.71 
1168.50 124610.71 
1169.00 124960.71 
1169.50 125310.71 
1170.00 125660.71 
1170.50 125962.86 
1171.00 126295.36 
1171.50 126627.86 
1172.00 126960.36 
1172.50 127292.86 
1173.00 127625.36 
1173.50 127957.86 
1174.00 128290.36 
1174.50 128622.86 
1175.00 128955.36 
1175.50 129287.86 
1176.00 129620.36 
1176.50 129952.86 
1177.00 130285.36 
1177.50 130617.86 
1178.00 130950.36 
1178.50 131282.86 
1179.00 131615.36 
1179.50 131947.86 
1180.00 132280.36 
1180.50 132612.86 
1181.00 132945.36 
1181.50 133277.86 
1182.00 133610.36 
1182.50 133942.86 
1183.00 134275.36 
1183.50 134607.86 
1184.00 134940.36 
1184.50 135272.86 
1185.00 135605.36 
1185.50 135937.86 
1186.00 136270.36 
1186.50 136602.86 
1187.00 136935.36 
1187.50 137267.86 
1188.00 137600.36 
1188.50 137932.86 
1189.00 138265.36 
1189.50 138597.86 
1190.00 138930.36 
1190.50 139116.43 
1191.00 139423.93 
1191.50 139731.43 
1192.00 140038.93 
1192.50 140346.43 
1193.00 140653.93 
1193.50 140961.43 
1194.00 141268.93 
1194.50 141576.43 
1195.00 141883.93 
1195.50 142191.43 
1196.00 142498.93 
1196.50 142806.43 
1197.00 143113.93 
1197.50 143421.43 
1198.00 143728.93 
1198.50 144036.43 
1199.00 144343.93 
1199.50 144651.43 
1200.00 144958.93 
1200.50 145266.43 
1201.00 145573.93 
1201.50 145881.43 
1202.00 146188.93 
1202.50 146496.43 
1203.00 146803.93 
1203.50 147111.43 
1204.00 147418.93 
1204.50 147726.43 
1205.00 148033.93 
1205.50 148341.43 
1206.00 148648.93 
1206.50 148956.43 
1207.00 149263.93 
1207.50 149571.43 
1208.00 149878.93 
1208.50 150186.43 
1209.00 150493.93 
1209.50 150801.43 
1210.00 151108.93 
1210.50 151416.14 
1211.00 151718.44 
1211.50 152020.74 
1212.00 152323.04 
1212.50 152625.34 
1213.00 152927.64 
1213.50 153229.94 
1214.00 153532.24 
1214.50 153834.54 
1215.00 154136.84 
1215.50 154439.14 
1216.00 154741.44 
1216.50 155043.74 
1217.00 155346.04 
1217.50 155648.34 
1218.00 155950.64 
1218.50 156252.94 
1219.00 156555.24 
1219.50 156857.54 
1220.00 157159.84 
1220.50 157462.14 
1221.00 157764.44 
1221.50 158066.74 
1222.00 158369.04 
1222.50 158671.34 
1223.00 158973.64 
1223.50 159275.94 
1224.00 159578.24 
1224.50 159880.54 
1225.00 160182.84 
1225.50 160485.14 
1226.00 160787.44 
1226.50 161089.74 
1227.00 161392.04 
1227.50 161694.34 
1228.00 161996.64 
1228.50 162298.94 
1229.00 162601.24 
