# Table Slot: Mead.Elevation Volume Table
# Column: [0] Pool Elevation [1 ft]
# Column: [1] Storage [1 acre-ft]
895 0 
895.5 15111 
896 30270 
896.5 45479 
897 60736 
897.5 76043 
898 91397.9999999 
898.5 106803 
899 122257 
899.5 137759 
900 153311 
900.5 168917 
901 184584 
901.5 200311 
902 216098 
902.5 231946 
903 247854 
903.5 263822 
904 279851 
904.5 295939 
905 312088 
905.5 328298 
906 344568 
906.5 360898 
907 377288 
907.5 393739 
908 410250 
908.5 426821 
909 443452 
909.5 460144 
910 476896 
910.5 493708 
911 510579 
911.5 527509 
912 544497 
912.5 561545 
913 578651 
913.5 595817 
914 613041 
914.5 630324 
915 647667 
915.5 665068 
916 682528 
916.5 700047 
917 717625 
917.5 735262 
918 752958 
918.5 770713 
919 788526 
919.5 806399 
920 824331.000002 
920.5 842319.999998 
921 860367.000004 
921.5 878470.999998 
922 896630.999998 
922.5 914849.000001 
923 933123.000002 
923.5 951454.999997 
924 969843.999996 
924.5 988290 
925 1006793 
925.5 1025353 
926 1043970 
926.5 1062644 
927 1081375 
927.5 1100163 
928 1119008 
928.5 1137910 
929 1156869 
929.5 1175885 
930 1194958 
930.5 1214089 
931 1233278 
931.5 1252525 
932 1271830 
932.5 1291193 
933 1310614 
933.5 1330093 
934 1349630 
934.5 1369226 
935 1388879 
935.5 1408591 
936 1428360 
936.5 1448188 
937 1468074 
937.5 1488018 
938 1508019 
938.5 1528079 
939 1548198 
939.5 1568374 
940 1588608 
940.5 1608900 
941 1629251 
941.5 1649661 
942 1670130 
942.5 1690656 
943 1711242 
943.5 1731886 
944 1752588 
944.5 1773349 
945 1794169 
945.5 1815047 
946 1835984 
946.5 1856979 
947 1878033 
947.5 1899145 
948 1920316 
948.5 1941545 
949 1962834 
949.5 1984180 
950 2005585 
950.5 2027052 
951 2048584 
951.5 2070180 
952 2091842 
952.5 2113568 
953 2135358 
953.5 2157214 
954 2179135 
954.5 2201120 
955 2223170 
955.5 2245285 
956 2267464 
956.5 2289709 
957 2312018 
957.5 2334392 
958 2356831 
958.5 2379335 
959 2401903 
959.5 2424536 
960 2447235 
960.5 2469995 
961 2492815 
961.5 2515695 
962 2538634 
962.5 2561633 
963 2584691 
963.5 2607809 
964 2630987 
964.5 2654225 
965 2677522 
965.5 2700878 
966 2724295 
966.5 2747771 
967 2771306 
967.5 2794901 
968 2818556 
968.5 2842271 
969 2866046 
969.5 2889878 
970 2913772 
970.5 2937729 
971 2961753 
971.5 2985843 
972 3010001 
972.5 3034226 
973 3058517 
973.5 3082876 
974 3107301 
974.5 3131794 
975 3156353 
975.5 3180979 
976 3205673 
976.5 3230433 
977 3255260 
977.5 3280154 
978 3305115 
978.5 3330143 
979 3355238 
979.5 3380401 
980 3405630 
980.5 3430929 
981 3456303 
981.5 3481753 
982 3507278 
982.5 3532877 
983 3558550 
983.5 3584299 
984 3610123 
984.5 3636021 
985 3661994 
985.5 3688042 
986 3714165 
986.5 3740363 
987 3766635 
987.5 3792982 
988 3819405 
988.5 3845902 
989 3872474 
989.5 3899120 
990 3925842 
990.5 3952636 
991 3979502 
991.5 4006440 
992 4033448 
992.5 4060528 
993 4087680 
993.5 4114903 
994 4142198 
994.5 4169563 
995 4197001 
995.5 4224510 
996 4252089 
996.5 4279741 
997 4307464 
997.5 4335258 
998 4363125 
998.5 4391061 
999 4419070 
999.5 4447150 
1000 4475301 
1000.5 4503527 
1001 4531830 
1001.5 4560212 
1002 4588670 
1002.5 4617206 
1003 4645820 
1003.5 4674511 
1004 4703279 
1004.5 4732126 
1005 4761049 
1005.5 4790050 
1006 4819129 
1006.5 4848286 
1007 4877519 
1007.5 4906831 
1008 4936219 
1008.5 4965686 
1009 4995230 
1009.5 5024851 
1010 5054550 
1010.5 5084326 
1011 5114179 
1011.5 5144107 
1012 5174113 
1012.5 5204194 
1013 5234353 
1013.5 5264587 
1014 5294898 
1014.5 5325286 
1015 5355750 
1015.5 5386290 
1016 5416907 
1016.5 5447600 
1017 5478370 
1017.5 5509216 
1018 5540139 
1018.5 5571138 
1019 5602213 
1019.5 5633365 
1020 5664593 
1020.5 5695898 
1021 5727281 
1021.5 5758741 
1022 5790278 
1022.5 5821892 
1023 5853583 
1023.5 5885352 
1024 5917198 
1024.5 5949121 
1025 5981122 
1025.5 6013200 
1026 6045355 
1026.5 6077587 
1027 6109897 
1027.5 6142284 
1028 6174748 
1028.5 6207289 
1029 6239908 
1029.5 6272604 
1030 6305377 
1030.5 6338229 
1031 6371161 
1031.5 6404174 
1032 6437266 
1032.5 6470439 
1033 6503693 
1033.5 6537026 
1034 6570440 
1034.5 6603934 
1035 6637508 
1035.5 6671163 
1036 6704897 
1036.5 6738713 
1037 6772608 
1037.5 6806583 
1038 6840639 
1038.5 6874775 
1039 6908992 
1039.5 6943288 
1040 6977665 
1040.5 7012124 
1041 7046668 
1041.5 7081296 
1042 7116008 
1042.5 7150804 
1043 7185685 
1043.5 7220651 
1044 7255700 
1044.5 7290834 
1045 7326052 
1045.5 7361355 
1046 7396742 
1046.5 7432213 
1047 7467768 
1047.5 7503408 
1048 7539138 
1048.5 7574938 
1049 7610838 
1049.5 7646818 
1050 7682878 
1050.5 7719018 
1051 7755258 
1051.5 7791588 
1052 7828018 
1052.5 7864528 
1053 7901128 
1053.5 7937828 
1054 7974608 
1054.5 8011488 
1055 8048458 
1055.5 8085508 
1056 8122657.99999 
1056.5 8159897.99997 
1057 8197217.99999 
1057.5 8234638.00002 
1058 8272148 
1058.5 8309748 
1059 8347438.00004 
1059.5 8385218.00002 
1060 8423088.00003 
1060.5 8461047.99999 
1061 8499097.99997 
1061.5 8537247.99997 
1062 8575478.00001 
1062.5 8613798 
1063 8652218 
1063.5 8690717.99996 
1064 8729308.00003 
1064.5 8767998.00004 
1065 8806768 
1065.5 8845637.99998 
1066 8884597.99999 
1066.5 8923637.99996 
1067 8962778.00002 
1067.5 9002008.00003 
1068 9041327.99999 
1068.5 9080737.99998 
1069 9120237.99999 
1069.5 9159828.00003 
1070 9199508.00002 
1070.5 9239267.99997 
1071 9279118.00003 
1071.5 9319047.99997 
1072 9359068.00002 
1072.5 9399178.00002 
1073 9439367.99998 
1073.5 9479647.99996 
1074 9520007.99999 
1074.5 9560447.99999 
1075 9600987.99999 
1075.5 9641597.99997 
1076 9682297.99998 
1076.5 9723088.00002 
1077 9763958.00002 
1077.5 9804917.99997 
1078 9845958.00004 
1078.5 9887087.99997 
1079 9928298.00003 
1079.5 9969598.00004 
1080 10010978 
1080.5 10052448 
1081 10093998 
1081.5 10135648 
1082 10177378 
1082.5 10219198 
1083 10261098 
1083.5 10303098 
1084 10345178 
1084.5 10387348 
1085 10429608 
1085.5 10471948 
1086 10514388 
1086.5 10556908 
1087 10599518 
1087.5 10642218 
1088 10684998 
1088.5 10727868 
1089 10770828 
1089.5 10813878 
1090 10857008 
1090.5 10900238 
1091 10943548 
1091.5 10986938 
1092 11030418 
1092.5 11073988 
1093 11117638 
1093.5 11161378 
1094 11205208 
1094.5 11249118 
1095 11293118 
1095.5 11336955.1197 
1096 11380872.8075 
1096.5 11424872.4439 
1097 11468946.2475 
1097.5 11513107.0817 
1098 11557346.9917 
1098.5 11601673.6576 
1099 11646067.2685 
1099.5 11690576.8854 
1100 11735176.0511 
1100.5 11779866.8136 
1101 11824637.1015 
1101.5 11869502.2729 
1102 11914439.1276 
1102.5 11959478.5345 
1103 12004602.4433 
1103.5 12049826.6301 
1104 12095140.259 
1104.5 12140560.3196 
1105 12186069.168 
1105.5 12231691.0554 
1106 12277410.0627 
1106.5 12323247.8008 
1107 12369192.2433 
1107.5 12415245.856 
1108 12461401.6615 
1108.5 12507673.6086 
1109 12554079.8163 
1109.5 12600613.9383 
1110 12647247.2783 
1110.5 12694010.3447 
1111 12740876.2858 
1111.5 12787856.3157 
1112 12834932.789 
1112.5 12882121.6684 
1113 12929400.7594 
1113.5 12976786.5714 
1114 13024254.8974 
1114.5 13071819.6612 
1115 13119488.2087 
1115.5 13167265.4873 
1116 13215135.3925 
1116.5 13263113.8442 
1117 13311186.6718 
1117.5 13359355.6301 
1118 13407594.2182 
1118.5 13455931.7601 
1119 13504347.2022 
1119.5 13552852.0615 
1120 13601435.3455 
1120.5 13650107.5566 
1121 13698851.7561 
1121.5 13747698.8181 
1122 13796635.7687 
1122.5 13845676.0069 
1123 13894813.1592 
1123.5 13944059.6885 
1124 13993404.4922 
1124.5 14042853.475 
1125 14092429.2477 
1125.5 14142122.0084 
1126 14191920.5247 
1126.5 14241840.7448 
1127 14291876.4094 
1127.5 14342013.776 
1128 14392260.8512 
1128.5 14442623.5552 
1129 14493095.2497 
1129.5 14543676.0746 
1130 14594353.5141 
1130.5 14645137.2698 
1131 14696039.588 
1131.5 14747053.1205 
1132 14798163.2633 
1132.5 14849388.4966 
1133 14900711.0277 
1133.5 14952154.5607 
1134 15003688.7923 
1134.5 15055351.3295 
1135 15107118.9739 
1135.5 15159012.9738 
1136 15211315.5726 
1136.5 15263817.5683 
1137 15316471.2952 
1137.5 15369288.2865 
1138 15422233.171 
1138.5 15475338.0991 
1139 15528574.4049 
1139.5 15581958.2837 
1140 15635449.3987 
1140.5 15689102.627 
1141 15742879.3814 
1141.5 15796788.6397 
1142 15850807.8604 
1142.5 15904969.4008 
1143 15959245.8692 
1143.5 16013645.5873 
1144 16068161.4319 
1144.5 16122822.0083 
1145 16177600.8697 
1145.5 16232520.5802 
1146 16287557.66 
1146.5 16342736.1664 
1147 16398050.2093 
1147.5 16453505.4476 
1148 16509077.2315 
1148.5 16564795.916 
1149 16620634.9511 
1149.5 16676615.5473 
1150 16732705.1879 
1150.5 16788954.3371 
1151 16845331.8909 
1151.5 16901855.936 
1152 16958547.835 
1152.5 17015394.7454 
1153 17072358.4132 
1153.5 17129472.7417 
1154 17186706.5317 
1154.5 17244078.8737 
1155 17301581.6011 
1155.5 17359218.6715 
1156 17416961.4004 
1156.5 17474858.0936 
1157 17532876.9881 
1157.5 17591045.0541 
1158 17649368.799 
1158.5 17707859.7737 
1159 17766478.3155 
1159.5 17825242.8877 
1160 17884154.1295 
1160.5 17943222.9145 
1161 18002431.8458 
1161.5 18061799.8462 
1162 18121306.9569 
1162.5 18180962.6822 
1163 18240770.931 
1163.5 18300740.1416 
1164 18360848.9944 
1164.5 18421137.7005 
1165 18481577.9451 
1165.5 18542191.9568 
1166 18602971.7199 
1166.5 18663947.1058 
1167 18725078.3236 
1167.5 18786395.0903 
1168 18847874.4872 
1168.5 18909540.4162 
1169 18971359.9056 
1169.5 19033395.6016 
1170 19095622.0299 
1170.5 19158042.7236 
1171 19220628.8099 
1171.5 19283415.1797 
1172 19346370.1734 
1172.5 19409537.0881 
1173 19472881.4427 
1173.5 19536423.464 
1174 19600143.5015 
1174.5 19664064.9881 
1175 19728171.063 
1175.5 19792458.7201 
1176 19856928.1532 
1176.5 19921586.7871 
1177 19986408.4531 
1177.5 20051404.1698 
1178 20116552.0444 
1178.5 20181862.0992 
1179 20247345.6039 
1179.5 20313002.2443 
1180 20378809.302 
1180.5 20444779.6959 
1181 20510893.3361 
1181.5 20577156.063 
1182 20643603.7066 
1182.5 20710222.404 
1183 20776987.0577 
1183.5 20843911.9856 
1184 20910985.0652 
1184.5 20978218.5397 
1185 21045591.4801 
1185.5 21113142.5784 
1186 21180851.0245 
1186.5 21248730.3371 
1187 21316767.159 
1187.5 21384972.4652 
1188 21453331.0868 
1188.5 21521871.1731 
1189 21590568.3706 
1189.5 21659432.8059 
1190 21728468.6181 
1190.5 21797669.2683 
1191 21867021.7597 
1191.5 21936522.5242 
1192 22006193.9147 
1192.5 22076036.4412 
1193 22146040.2822 
1193.5 22216214.8865 
1194 22286551.8997 
1194.5 22357051.8761 
1195 22427735.8263 
1195.5 22498597.8607 
1196 22569624.0804 
1196.5 22640816.464 
1197 22712165.7598 
1197.5 22783668.3333 
1198 22855346.3735 
1198.5 22927195.6834 
1199 22999205.0303 
1199.5 23071381.2962 
1200 23143713.5704 
1200.5 23216210.3752 
1201 23288848.8968 
1201.5 23361678.5308 
1202 23434687.9553 
1202.5 23507875.0307 
1203 23581326.4346 
1203.5 23654986.1521 
1204 23728794.5107 
1204.5 23802788.0943 
1205 23876949.5085 
1205.5 23951313.9736 
1206 24025868.873 
1206.5 24100601.7116 
1207 24175487.3889 
1207.5 24250561.0238 
1208 24325795.0973 
1208.5 24401198.678 
1209 24476760.189 
1209.5 24552489.7267 
1210 24628375.1209 
1210.5 24704411.0353 
1211 24780617.3303 
1211.5 24856985.7013 
1212 24933504.3131 
1212.5 25010178.227 
1213 25086998.1238 
1213.5 25163954.0925 
1214 25241070.2899 
1214.5 25318337.0445 
1215 25395747.1699 
1215.5 25473302.1825 
1216 25550991.9003 
1216.5 25628819.4636 
1217 25706763.5984 
1217.5 25784860.2749 
1218 25863089.9534 
1218.5 25941458.0968 
1219 26019960.1525 
1219.5 26098601.1374 
1220 26177361.3303 
1220.5 26256279.7349 
1221 26335338.4489 
1221.5 26414542.6614 
1222 26493891.8762 
1222.5 26573396.6897 
1223 26653037.7258 
1223.5 26732851.6098 
1224 26812815.8418 
1224.5 26892930.1094 
1225 26973186.6508 
1225.5 27053585.9796 
1226 27134123.5506 
1226.5 27214787.5045 
1227 27295605.9036 
1227.5 27376565.7136 
1228 27457664.4102 
1228.5 27538908.6495 
1229 27620294.1238 
1229.5 27701810.3005 
1230 27783488.2871 
1250 30809525 
