# Table Slot: Mead.Elevation Area Table
# Column: [0] Elevation [1 feet]
# Column: [1] Surface Area [1 acre]
895 0 
895.5 28901.0000001 
896 29020 
896.5 29138 
897 29257 
897.5 29375 
898 29493.9999999 
898.5 29612 
899 29730.9999999 
899.5 29848.9999999 
900 29967.9999999 
900.5 30085.9999999 
901 30205.0000001 
901.5 30322.9999999 
902 30442.0000001 
902.5 30560.0000001 
903 30679 
903.5 30797.0000001 
904 30916 
904.5 31034.0000001 
905 31153 
905.5 31271 
906 31389.0000001 
906.5 31508 
907 31626 
907.5 31745 
908 31863 
908.5 31982 
909 32100 
909.5 32218.9999999 
910 32337 
910.5 32455.9999999 
911 32573.9999999 
911.5 32693.0000001 
912 32810.9999999 
912.5 32930.0000001 
913 33047.9999999 
913.5 33167.0000001 
914 33285.0000001 
914.5 33404 
915 33522.0000001 
915.5 33641 
916 33759 
916.5 33878 
917 33996 
917.5 34115 
918 34233 
918.5 34351 
919 34470 
919.5 34588 
920 34706.9999999 
920.5 34742.9999999 
921 34855.0000001 
921.5 34967.9999999 
922 35080.0000001 
922.5 35193.0000001 
923 35305 
923.5 35418.0000001 
924 35530 
924.5 35643.0000001 
925 35755 
925.5 35868.0000001 
926 35980 
926.5 36093.0000001 
927 36205 
927.5 36318.0000001 
928 36430 
928.5 36543.0000001 
929 36655 
929.5 36768 
930 36880 
930.5 36993 
931 37105 
931.5 37218 
932 37330 
932.5 37443 
933 37554.9999999 
933.5 37668 
934 37779.9999999 
934.5 37893 
935 38004.9999999 
935.5 38118 
936 38229.9999999 
936.5 38343 
937 38454.9999999 
937.5 38568 
938 38679.9999999 
938.5 38793 
939 38904.9999999 
939.5 39017.9999999 
940 39130.0000001 
940.5 39193 
941 39321 
941.5 39448.9999999 
942 39576.9999999 
942.5 39704 
943 39832 
943.5 39960 
944 40088 
944.5 40215.9999999 
945 40343.9999999 
945.5 40471 
946 40599 
946.5 40727 
947 40855 
947.5 40982.9999999 
948 41110.9999999 
948.5 41238 
949 41366 
949.5 41494 
950 41622 
950.5 41750 
951 41877.9999999 
951.5 42005 
952 42133 
952.5 42261 
953 42389 
953.5 42517 
954 42644 
954.5 42772 
955 42900 
955.5 43028 
956 43156 
956.5 43284 
957 43411 
957.5 43539 
958 43667 
958.5 43795 
959 43923 
959.5 44051 
960 44178.0000001 
960.5 44306 
961 44434 
961.5 44562 
962 44690 
962.5 44818 
963 44945.0000001 
963.5 45073 
964 45201 
964.5 45329 
965 45457 
965.5 45585 
966 45712.0000001 
966.5 45840 
967 45968 
967.5 46096 
968 46224 
968.5 46352 
969 46479.0000001 
969.5 46607.0000001 
970 46735 
970.5 46792 
971 46915 
971.5 47036.9999999 
972 47159.9999999 
972.5 47282 
973 47405 
973.5 47526.9999999 
974 47649.9999999 
974.5 47772 
975 47895 
975.5 48016.9999999 
976 48139.9999999 
976.5 48262 
977 48385 
977.5 48506.9999999 
978 48629.9999999 
978.5 48752 
979 48875 
979.5 48996.9999999 
980 49119.9999999 
980.5 49242 
981 49365.0000001 
981.5 49486.9999999 
982 49609.9999999 
982.5 49732.0000001 
983 49855.0000001 
983.5 49976.9999999 
984 50099.9999999 
984.5 50222.0000001 
985 50345.0000001 
985.5 50466.9999999 
986 50589.9999999 
986.5 50712.0000001 
987 50835.0000001 
987.5 50956.9999999 
988 51080 
988.5 51202.0000001 
989 51325.0000001 
989.5 51446.9999999 
990 51570 
990.5 51750 
991 51910.9999999 
991.5 52073.0000001 
992 52235 
992.5 52396.9999999 
993 52557.9999999 
993.5 52720 
994 52881.9999999 
994.5 53044.0000001 
995 53205.0000001 
995.5 53366.9999999 
996 53529.0000001 
996.5 53690.0000001 
997 53852 
997.5 54014.0000001 
998 54176 
998.5 54337 
999 54498.9999999 
999.5 54661 
1000 54822.9999999 
1000.5 54983.9999999 
1001 55146.0000001 
1001.5 55308 
1002 55470.0000001 
1002.5 55631.0000001 
1003 55793 
1003.5 55954.9999999 
1004 56117 
1004.5 56278 
1005 56439.9999999 
1005.5 56602.0000001 
1006 56764 
1006.5 56925 
1007 57087.0000001 
1007.5 57249 
1008 57410.9999999 
1008.5 57571.9999999 
1009 57734 
1009.5 57895.9999999 
1010 58056.9999999 
1010.5 58219.0000001 
1011 58381 
1011.5 58543.0000001 
1012 58704.0000001 
1012.5 58866 
1013 59027.9999999 
1013.5 59190 
1014 59351 
1014.5 59512.9999999 
1015 59675.0000001 
1015.5 59837 
1016 59998 
1016.5 60160.0000001 
1017 60322 
1017.5 60483.9999999 
1018 60644.9999999 
1018.5 60807 
1019 60968.9999999 
1019.5 61131.0000001 
1020 61292.0000001 
1020.5 61327.0000001 
1021 61484.9999999 
1021.5 61642.0000001 
1022 61799.9999999 
1022.5 61957.0000001 
1023 62114.9999999 
1023.5 62272.0000001 
1024 62429.9999999 
1024.5 62587.0000001 
1025 62744.9999999 
1025.5 62902 
1026 63060.0000001 
1026.5 63217 
1027 63375.0000001 
1027.5 63532 
1028 63690.0000001 
1028.5 63847 
1029 64005.0000001 
1029.5 64162 
1030 64320.0000001 
1030.5 64477 
1031 64635 
1031.5 64792 
1032 64950 
1032.5 65107 
1033 65265 
1033.5 65421.9999999 
1034 65580 
1034.5 65736.9999999 
1035 65895 
1035.5 66051.9999999 
1036 66210 
1036.5 66366.9999999 
1037 66525 
1037.5 66681.9999999 
1038 66839.9999999 
1038.5 66997.0000001 
1039 67154.9999999 
1039.5 67312.0000001 
1040 67469.9999999 
1040.5 67628.9999999 
1041 67819.0000001 
1041.5 68009 
1042 68198.9999999 
1042.5 68389.0000001 
1043 68579.0000001 
1043.5 68769 
1044 68958.9999999 
1044.5 69149.0000001 
1045 69339.0000001 
1045.5 69529 
1046 69718.9999999 
1046.5 69909.0000001 
1047 70099 
1047.5 70289 
1048 70478.9999999 
1048.5 70669.0000001 
1049 70859 
1049.5 71049 
1050 71238.9999999 
1050.5 71429.0000001 
1051 71619 
1051.5 71809 
1052 71998.9999999 
1052.5 72189.0000001 
1053 72379 
1053.5 72569 
1054 72758.9999999 
1054.5 72949.0000001 
1055 73139 
1055.5 73329 
1056 73518.9999999 
1056.5 73709.0000001 
1057 73899 
1057.5 74089 
1058 74278.9999999 
1058.5 74469.0000001 
1059 74659 
1059.5 74848.9999999 
1060 75038.9999999 
1060.5 75243.0000001 
1061 75421 
1061.5 75599 
1062 75776.9999999 
1062.5 75954 
1063 76132 
1063.5 76309.9999999 
1064 76488.0000001 
1064.5 76666.0000001 
1065 76844 
1065.5 77021.0000001 
1066 77199 
1066.5 77377 
1067 77554.9999999 
1067.5 77732.9999999 
1068 77911.0000001 
1068.5 78087.9999999 
1069 78266.0000001 
1069.5 78444.0000001 
1070 78622 
1070.5 78800 
1071 78977.9999999 
1071.5 79155 
1072 79332.9999999 
1072.5 79510.9999999 
1073 79689.0000001 
1073.5 79867 
1074 80044.0000001 
1074.5 80222.0000001 
1075 80400 
1075.5 80578 
1076 80755.9999999 
1076.5 80934.0000001 
1077 81110.9999999 
1077.5 81288.9999999 
1078 81467.0000001 
1078.5 81645 
1079 81823 
1079.5 82000.9999999 
1080 82178 
1080.5 82356 
1081 82533.9999999 
1081.5 82712.0000001 
1082 82890.0000001 
1082.5 83068 
1083 83245.0000001 
1083.5 83423 
1084 83601 
1084.5 83778.9999999 
1085 83956.9999999 
1085.5 84135.0000001 
1086 84311.9999999 
1086.5 84490.0000001 
1087 84668.0000001 
1087.5 84846 
1088 85024 
1088.5 85201.9999999 
1089 85379 
1089.5 85556.9999999 
1090 85734.9999999 
1090.5 85826 
1091 86022.0000001 
1091.5 86217 
1092 86413 
1092.5 86609.0000001 
1093 86804 
1093.5 87000 
1094 87196.0000001 
1094.5 87391 
1095 87587.0000001 
1095.5 87783.0000001 
1096 87978 
1096.5 88174.0000001 
1097 88369.9999999 
1097.5 88565 
1098 88761.0000001 
1098.5 88956.9999999 
1099 89152 
1099.5 89348.0000001 
1100 89543 
1100.5 89739.0000001 
1101 89935.0000001 
1101.5 90130 
1102 90326.0000001 
1102.5 90521.9999999 
1103 90717 
1103.5 90913.0000001 
1104 91108.9999999 
1104.5 91304 
1105 91500.0000001 
1105.5 91695.9999999 
1106 91891.0000001 
1106.5 92087.0000001 
1107 92282.9999999 
1107.5 92478.0000001 
1108 92673.9999999 
1108.5 92869.9999999 
1109 93065.0000001 
1109.5 93260.9999999 
1110 93456 
1110.5 93652.0000001 
1111 93847.9999999 
1111.5 94043.0000001 
1112 94239.0000001 
1112.5 94434.9999999 
1113 94630.0000001 
1113.5 94826.0000001 
1114 95021.9999999 
1114.5 95217.0000001 
1115 95412.9999999 
1115.5 95608.9999999 
1116 95804.0000001 
1116.5 95999.9999999 
1117 96196 
1117.5 96391.0000001 
1118 96586.9999999 
1118.5 96783 
1119 96978.0000001 
1119.5 97173.9999999 
1120 97369.0000001 
1120.5 97635.9999999 
1121 97850.9999999 
1121.5 98066 
1122 98281 
1122.5 98496.0000001 
1123 98711.0000001 
1123.5 98925.9999999 
1124 99141 
1124.5 99356 
1125 99571.0000001 
1125.5 99786.0000001 
1126 100001 
1126.5 100216 
1127 100431 
1127.5 100646 
1128 100861 
1128.5 101076 
1129 101291 
1129.5 101506 
1130 101721 
1130.5 101936 
1131 102151 
1131.5 102366 
1132 102581 
1132.5 102796 
1133 103011 
1133.5 103226 
1134 103441 
1134.5 103656 
1135 103871 
1135.5 104086 
1136 104301 
1136.5 104516 
1137 104731 
1137.5 104946 
1138 105161 
1138.5 105376 
1139 105591 
1139.5 105806 
1140 106021 
1140.5 106185 
1141 106470 
1141.5 106755 
1142 107040 
1142.5 107325 
1143 107610 
1143.5 107895 
1144 108180 
1144.5 108465 
1145 108750 
1145.5 109035 
1146 109320 
1146.5 109605 
1147 109890 
1147.5 110175 
1148 110460 
1148.5 110745 
1149 111030 
1149.5 111315 
1150 111600 
1150.5 112011 
1151 112361 
1151.5 112711 
1152 113061 
1152.5 113411 
1153 113761 
1153.5 114111 
1154 114461 
1154.5 114811 
1155 115161 
1155.5 115511 
1156 115861 
1156.5 116211 
1157 116561 
1157.5 116911 
1158 117261 
1158.5 117611 
1159 117961 
1159.5 118311 
1160 118661 
1160.5 119011 
1161 119361 
1161.5 119711 
1162 120061 
1162.5 120411 
1163 120761 
1163.5 121111 
1164 121461 
1164.5 121811 
1165 122161 
1165.5 122511 
1166 122861 
1166.5 123211 
1167 123561 
1167.5 123911 
1168 124261 
1168.5 124611 
1169 124961 
1169.5 125311 
1170 125661 
1170.5 125963 
1171 126295 
1171.5 126628 
1172 126960 
1172.5 127293 
1173 127625 
1173.5 127958 
1174 128290 
1174.5 128623 
1175 128955 
1175.5 129288 
1176 129620 
1176.5 129953 
1177 130285 
1177.5 130618 
1178 130950 
1178.5 131283 
1179 131615 
1179.5 131948 
1180 132280 
1180.5 132613 
1181 132945 
1181.5 133278 
1182 133610 
1182.5 133943 
1183 134275 
1183.5 134608 
1184 134940 
1184.5 135273 
1185 135605 
1185.5 135938 
1186 136270 
1186.5 136603 
1187 136935 
1187.5 137268 
1188 137600 
1188.5 137933 
1189 138265 
1189.5 138598 
1190 138930 
1190.5 139116 
1191 139424 
1191.5 139731 
1192 140039 
1192.5 140346 
1193 140654 
1193.5 140961 
1194 141269 
1194.5 141576 
1195 141884 
1195.5 142191 
1196 142499 
1196.5 142806 
1197 143114 
1197.5 143421 
1198 143729 
1198.5 144036 
1199 144344 
1199.5 144651 
1200 144959 
1200.5 145266 
1201 145574 
1201.5 145881 
1202 146189 
1202.5 146496 
1203 146804 
1203.5 147111 
1204 147419 
1204.5 147726 
1205 148034 
1205.5 148341 
1206 148649 
1206.5 148956 
1207 149264 
1207.5 149571 
1208 149879 
1208.5 150186 
1209 150494 
1209.5 150801 
1210 151109 
1210.5 151416 
1211 151718 
1211.5 152021 
1212 152323 
1212.5 152625 
1213 152928 
1213.5 153230 
1214 153532 
1214.5 153835 
1215 154137 
1215.5 154439 
1216 154741 
1216.5 155044 
1217 155346 
1217.5 155648 
1218 155951 
1218.5 156253 
1219 156555 
1219.5 156858 
1220 157160 
1220.5 157462 
1221 157764 
1221.5 158067 
1222 158369 
1222.5 158671 
1223 158974 
1223.5 159276 
1224 159578 
1224.5 159881 
1225 160183 
1225.5 160485 
1226 160787 
1226.5 161090 
1227 161392 
1227.5 161694 
1228 161997 
1228.5 162299 
1229 162601 
1240 169245 
1250 175800 
