# Table Slot: Mead.Elevation Volume Table
# Column: [0] Pool Elevation [1 feet]
# Column: [1] Storage [1 acre-feet]
895 0 
895.5 14421 
896 28901 
896.5 43441 
897 58040 
897.5 72698 
898 87414.9999998 
898.5 102192 
899 117027 
899.5 131922 
900 146877 
900.5 161890 
901 176963 
901.5 192095 
902 207286 
902.5 222536 
903 237846 
903.5 253215 
904 268643 
904.5 284131 
905 299677 
905.5 315283 
906 330948 
906.5 346673 
907 362456 
907.5 378299 
908 394201 
908.5 410162 
909 426183 
909.5 442263 
910 458402 
910.5 474600 
911 490858 
911.5 507174 
912 523550 
912.5 539986 
913 556480 
913.5 573034 
914 589647 
914.5 606319 
915 623050 
915.5 639841 
916 656691 
916.5 673600 
917 690569 
917.5 707596 
918 724683 
918.5 741829 
919 759035 
919.5 776299 
920 793623 
920.5 774707 
921 792107 
921.5 809563 
922 827075 
922.5 844642.999999 
923 862268.000001 
923.5 879948.000003 
924 897685.000001 
924.5 915479.000003 
925 933327.999996 
925.5 951234.000002 
926 969195.999997 
926.5 987213.999998 
927 1005289 
927.5 1023420 
928 1041607 
928.5 1059850 
929 1078150 
929.5 1096506 
930 1114918 
930.5 1133386 
931 1151910 
931.5 1170491 
932 1189128 
932.5 1207822 
933 1226571 
933.5 1245377 
934 1264239 
934.5 1283157 
935 1302132 
935.5 1321163 
936 1340250 
936.5 1359393 
937 1378593 
937.5 1397848 
938 1417160 
938.5 1436529 
939 1455953 
939.5 1475434 
940 1494971 
940.5 1484624 
941 1504252 
941.5 1523945 
942 1543701 
942.5 1563521 
943 1583405 
943.5 1603353 
944 1623365 
944.5 1643441 
945 1663581 
945.5 1683785 
946 1704052 
946.5 1724384 
947 1744779 
947.5 1765239 
948 1785762 
948.5 1806349 
949 1827000 
949.5 1847716 
950 1868494 
950.5 1889337 
951 1910244 
951.5 1931215 
952 1952250 
952.5 1973348 
953 1994510 
953.5 2015737 
954 2037027 
954.5 2058381 
955 2079799 
955.5 2101281 
956 2122827 
956.5 2144437 
957 2166111 
957.5 2187849 
958 2209650 
958.5 2231516 
959 2253445 
959.5 2275439 
960 2297496 
960.5 2319617 
961 2341802 
961.5 2364051 
962 2386364 
962.5 2408741 
963 2431182 
963.5 2453686 
964 2476255 
964.5 2498887 
965 2521584 
965.5 2544344 
966 2567168 
966.5 2590057 
967 2613009 
967.5 2636025 
968 2659105 
968.5 2682248 
969 2705456 
969.5 2728728 
970 2752063 
970.5 2729575 
971 2753002 
971.5 2776490 
972 2800039 
972.5 2823650 
973 2847321 
973.5 2871054 
974 2894849 
974.5 2918704 
975 2942621 
975.5 2966599 
976 2990638 
976.5 3014738 
977 3038900 
977.5 3063123 
978 3087407 
978.5 3111753 
979 3136159 
979.5 3160627 
980 3185156 
980.5 3209747 
981 3234399 
981.5 3259111 
982 3283886 
982.5 3308721 
983 3333618 
983.5 3358576 
984 3383595 
984.5 3408675 
985 3433817 
985.5 3459020 
986 3484284 
986.5 3509610 
987 3534996 
987.5 3560444 
988 3585954 
988.5 3611524 
989 3637156 
989.5 3662849 
990 3688603 
990.5 3684193 
991 3710108 
991.5 3736104 
992 3762181 
992.5 3788339 
993 3814578 
993.5 3840897 
994 3867298 
994.5 3893779 
995 3920341 
995.5 3946984 
996 3973708 
996.5 4000513 
997 4027399 
997.5 4054365 
998 4081413 
998.5 4108541 
999 4135750 
999.5 4163040 
1000 4190411 
1000.5 4217863 
1001 4245396 
1001.5 4273009 
1002 4300704 
1002.5 4328479 
1003 4356335 
1003.5 4384272 
1004 4412290 
1004.5 4440389 
1005 4468568 
1005.5 4496829 
1006 4525170 
1006.5 4553592 
1007 4582095 
1007.5 4610679 
1008 4639344 
1008.5 4668090 
1009 4696916 
1009.5 4725824 
1010 4754812 
1010.5 4783881 
1011 4813031 
1011.5 4842262 
1012 4871574 
1012.5 4900967 
1013 4930440 
1013.5 4959995 
1014 4989630 
1014.5 5019346 
1015 5049143 
1015.5 5079021 
1016 5108980 
1016.5 5139019 
1017 5169140 
1017.5 5199341 
1018 5229623 
1018.5 5259986 
1019 5290430 
1019.5 5320955 
1020 5351561 
1020.5 5336202 
1021 5366905 
1021.5 5397687 
1022 5428547 
1022.5 5459486 
1023 5490504 
1023.5 5521601 
1024 5552776 
1024.5 5584031 
1025 5615364 
1025.5 5646775 
1026 5678266 
1026.5 5709835 
1027 5741483 
1027.5 5773210 
1028 5805015 
1028.5 5836899 
1029 5868862 
1029.5 5900904 
1030 5933024 
1030.5 5965223 
1031 5997501 
1031.5 6029858 
1032 6062294 
1032.5 6094808 
1033 6127401 
1033.5 6160072 
1034 6192823 
1034.5 6225652 
1035 6258560 
1035.5 6291547 
1036 6324612 
1036.5 6357756 
1037 6390979 
1037.5 6424281 
1038 6457661 
1038.5 6491121 
1039 6524659 
1039.5 6558275 
1040 6591971 
1040.5 6595282 
1041 6629144 
1041.5 6663101 
1042 6697153 
1042.5 6731300 
1043 6765542 
1043.5 6799880 
1044 6834312 
1044.5 6868839 
1045 6903461 
1045.5 6938178 
1046 6972990 
1046.5 7007897 
1047 7042900 
1047.5 7077997 
1048 7113189 
1048.5 7148476 
1049 7183858 
1049.5 7219335 
1050 7254908 
1050.5 7290575 
1051 7326337 
1051.5 7362194 
1052 7398146 
1052.5 7434193 
1053 7470335 
1053.5 7506573 
1054 7542905 
1054.5 7579332 
1055 7615854 
1055.5 7652471 
1056 7689183 
1056.5 7725990 
1057 7762893 
1057.5 7799890 
1058 7836982 
1058.5 7874169 
1059 7911451 
1059.5 7948828 
1060 7986300 
1060.5 7995653 
1061 8033319 
1061.5 8071074 
1062 8108917.00002 
1062.5 8146849.99998 
1063 8184872.00004 
1063.5 8222982.00002 
1064 8261182.00002 
1064.5 8299470.00002 
1065 8337847.99997 
1065.5 8376314 
1066 8414868.99997 
1066.5 8453513.00002 
1067 8492246.00001 
1067.5 8531068.00001 
1068 8569979.00003 
1068.5 8608977.99996 
1069 8648067 
1069.5 8687244.99998 
1070 8726511.00003 
1070.5 8765866.00002 
1071 8805311.00003 
1071.5 8844843.99997 
1072 8884465.99999 
1072.5 8924177.00003 
1073 8963977.00001 
1073.5 9003865.99999 
1074 9043843.99999 
1074.5 9083909.99999 
1075 9124066.00001 
1075.5 9164310.00004 
1076 9204644.00001 
1076.5 9245065.99998 
1077 9285577.99998 
1077.5 9326177.99997 
1078 9366866.99998 
1078.5 9407645 
1079 9448511.99996 
1079.5 9489468.00001 
1080 9530511.99998 
1080.5 9571645.99997 
1081 9612868.99998 
1081.5 9654179.99999 
1082 9695581.00002 
1082.5 9737069.99998 
1083 9778648.00002 
1083.5 9820315 
1084 9862071 
1084.5 9903916 
1085 9945850.00002 
1085.5 9987872.99997 
1086 10029985 
1086.5 10072186 
1087 10114475 
1087.5 10156854 
1088 10199321 
1088.5 10241877 
1089 10284523 
1089.5 10327257 
1090 10370080 
1090.5 10372124 
1091 10415086 
1091.5 10458146 
1092 10501304 
1092.5 10544559 
1093 10587912 
1093.5 10631363 
1094 10674912 
1094.5 10718559 
1095 10762304 
1095.5 10806146 
1096 10850086 
1096.5 10894124 
1097 10938260 
1097.5 10982494 
1098 11026826 
1098.5 11071255 
1099 11115782 
1099.5 11160407 
1100 11205130 
1100.5 11249951 
1101 11294869 
1101.5 11339885 
1102 11384999 
1102.5 11430211 
1103 11475521 
1103.5 11520929 
1104 11566434 
1104.5 11612037 
1105 11657739 
1105.5 11703537 
1106 11749434 
1106.5 11795429 
1107 11841521 
1107.5 11887711 
1108 11933999 
1108.5 11980385 
1109 12026869 
1109.5 12073450 
1110 12120130 
1110.5 12166907 
1111 12213782 
1111.5 12260755 
1112 12307825 
1112.5 12354994 
1113 12402260 
1113.5 12449624 
1114 12497086 
1114.5 12544646 
1115 12592303 
1115.5 12640059 
1116 12687912 
1116.5 12735863 
1117 12783912 
1117.5 12832059 
1118 12880303 
1118.5 12928645 
1119 12977086 
1119.5 13025624 
1120 13074260 
1120.5 13086857 
1121 13135729 
1121.5 13184708 
1122 13233795 
1122.5 13282990 
1123 13332291 
1123.5 13381701 
1124 13431218 
1124.5 13480842 
1125 13530574 
1125.5 13580414 
1126 13630361 
1126.5 13680415 
1127 13730577 
1127.5 13780847 
1128 13831224 
1128.5 13881708 
1129 13932300 
1129.5 13983000 
1130 14033806 
1130.5 14084721 
1131 14135743 
1131.5 14186872 
1132 14238109 
1132.5 14289454 
1133 14340906 
1133.5 14392465 
1134 14444132 
1134.5 14495907 
1135 14547789 
1135.5 14599778 
1136 14651875 
1136.5 14704080 
1137 14756392 
1137.5 14808811 
1138 14861338 
1138.5 14913972 
1139 14966714 
1139.5 15019564 
1140 15072521 
1140.5 15106716 
1141 15159880 
1141.5 15213186 
1142 15266635 
1142.5 15320226 
1143 15373960 
1143.5 15427836 
1144 15481855 
1144.5 15536016 
1145 15590320 
1145.5 15644766 
1146 15699355 
1146.5 15754086 
1147 15808960 
1147.5 15863976 
1148 15919135 
1148.5 15974436 
1149 16029880 
1149.5 16085466 
1150 16141195 
1150.5 16189075 
1151 16245168 
1151.5 16301436 
1152 16357879 
1152.5 16414497 
1153 16471290 
1153.5 16528257 
1154 16585400 
1154.5 16642718 
1155 16700211 
1155.5 16757879 
1156 16815722 
1156.5 16873740 
1157 16931932 
1157.5 16990300 
1158 17048843 
1158.5 17107561 
1159 17166454 
1159.5 17225522 
1160 17284764 
1160.5 17344182 
1161 17403775 
1161.5 17463543 
1162 17523486 
1162.5 17583604 
1163 17643897 
1163.5 17704364 
1164 17765007 
1164.5 17825825 
1165 17886818 
1165.5 17947986 
1166 18009329 
1166.5 18070847 
1167 18132539 
1167.5 18194407 
1168 18256450 
1168.5 18318668 
1169 18381061 
1169.5 18443629 
1170 18506372 
1170.5 18560607 
1171 18623671 
1171.5 18686902 
1172 18750299 
1172.5 18813863 
1173 18877592 
1173.5 18941488 
1174 19005550 
1174.5 19069778 
1175 19134173 
1175.5 19198734 
1176 19263461 
1176.5 19328354 
1177 19393414 
1177.5 19458639 
1178 19524031 
1178.5 19589590 
1179 19655314 
1179.5 19721205 
1180 19787262 
1180.5 19853486 
1181 19919875 
1181.5 19986431 
1182 20053153 
1182.5 20120041 
1183 20187096 
1183.5 20254317 
1184 20321704 
1184.5 20389257 
1185 20456976 
1185.5 20524862 
1186 20592914 
1186.5 20661133 
1187 20729517 
1187.5 20798068 
1188 20866785 
1188.5 20935668 
1189 21004718 
1189.5 21073934 
1190 21143316 
1190.5 21209458 
1191 21279093 
1191.5 21348882 
1192 21418825 
1192.5 21488921 
1193 21559171 
1193.5 21629575 
1194 21700133 
1194.5 21770844 
1195 21841709 
1195.5 21912728 
1196 21983901 
1196.5 22055227 
1197 22126707 
1197.5 22198341 
1198 22270128 
1198.5 22342070 
1199 22414165 
1199.5 22486414 
1200 22558816 
1200.5 22631373 
1201 22704083 
1201.5 22776947 
1202 22849964 
1202.5 22923136 
1203 22996461 
1203.5 23069939 
1204 23143572 
1204.5 23217358 
1205 23291298 
1205.5 23365392 
1206 23439640 
1206.5 23514041 
1207 23588596 
1207.5 23663305 
1208 23738168 
1208.5 23813184 
1209 23888354 
1209.5 23963678 
1210 24039156 
1210.5 24114484 
1211 24190268 
1211.5 24266202 
1212 24342288 
1212.5 24418525 
1213 24494914 
1213.5 24571453 
1214 24648144 
1214.5 24724985 
1215 24801978 
1215.5 24879122 
1216 24956417 
1216.5 25033864 
1217 25111461 
1217.5 25189210 
1218 25267109 
1218.5 25345160 
1219 25423362 
1219.5 25501716 
1220 25580220 
1220.5 25658875 
1221 25737682 
1221.5 25816640 
1222 25895749 
1222.5 25975009 
1223 26054420 
1223.5 26133983 
1224 26213696 
1224.5 26293561 
1225 26373577 
1225.5 26453744 
1226 26534062 
1226.5 26614531 
1227 26695151 
1227.5 26775923 
1228 26856846 
1228.5 26937920 
1229 27019145 
1240 28804434 
1250 30809525 
